
================================================================================
DATASET OVERVIEW
================================================================================
Rows: 50000
Columns: 37
Numeric: 34
Categorical: 3

================================================================================
DESCRIPTIVE STATISTICS
================================================================================
                             count        mean        std       min        25%         50%         75%         max     variance  skewness   kurtosis
number_of_qubits           50000.0    6.951160   3.163406  2.000000   4.000000    7.000000   10.000000   12.000000    10.007135  0.015726  -1.220001
number_of_classical_bits   50000.0    6.951160   3.163406  2.000000   4.000000    7.000000   10.000000   12.000000    10.007135  0.015726  -1.220001
depth                      50000.0   30.885960  18.705498  2.000000  17.000000   28.000000   40.000000  103.000000   349.895673  1.196218   1.958920
width                      50000.0   13.902320   6.326811  4.000000   8.000000   14.000000   20.000000   24.000000    40.028539  0.015726  -1.220001
total_operations           50000.0  129.491260  70.572914  3.000000  65.000000  126.500000  209.000000  242.000000  4980.536254 -0.081283  -1.474042
single_qubit_gates         50000.0   81.558560  49.180884  0.000000  38.000000   75.000000  129.000000  198.000000  2418.759346  0.194836  -1.133234
two_qubit_gates            50000.0   37.145120  26.883590  0.000000  14.000000   32.000000   56.000000  144.000000   722.727395  0.795522   0.321083
three_qubit_gates          50000.0    3.836420   4.406451  0.000000   0.000000    2.000000    6.000000   32.000000    19.416810  1.493619   2.665336
measurement_gates          50000.0    6.951160   3.163406  2.000000   4.000000    7.000000   10.000000   12.000000    10.007135  0.015726  -1.220001
parameterized_gates        50000.0   43.333280  40.230945  0.000000  14.000000   35.000000   58.000000  187.000000  1618.528975  1.534382   2.193158
entangling_gates           50000.0   40.981540  29.847955  0.000000  16.000000   35.000000   63.000000  161.000000   890.900417  0.857598   0.659642
estimated_fidelity         50000.0    0.742096   0.267792  0.037698   0.599302    0.850037    0.951068    0.999991     0.071712 -1.104356   0.022804
total_variation_distance   50000.0    0.282582   0.197977  0.001953   0.125000    0.238281    0.406250    0.824219     0.039195  0.748854  -0.332286
hellinger_distance         50000.0    0.330912   0.224206  0.002179   0.157394    0.279331    0.475241    0.897686     0.050268  0.685931  -0.472302
success_probability_ideal  50000.0    0.149715   0.185652  0.002930   0.019531    0.068359    0.218750    1.000000     0.034467  1.832856   3.431084
success_probability_noisy  50000.0    0.121674   0.171982  0.000000   0.007812    0.041016    0.167969    0.970703     0.029578  1.971578   3.858835
reliability_score          50000.0   74.209647  26.779161  3.769795  59.930227   85.003665   95.106793   99.999051   717.123489 -1.104356   0.022804
gate_ccx                   50000.0    3.836420   4.406451  0.000000   0.000000    2.000000    6.000000   32.000000    19.416810  1.493619   2.665336
gate_cp                    50000.0   10.482640  11.699855  0.000000   2.000000    8.000000   15.000000   85.000000   136.886596  2.308593   7.717830
gate_cx                    50000.0   11.774740  14.476813  0.000000   3.000000    8.000000   15.000000   77.000000   209.578109  2.756778   8.370249
gate_cz                    50000.0    7.334800   7.019864  0.000000   1.000000    6.000000   11.000000   44.000000    49.278495  1.171935   1.270987
gate_h                     50000.0    7.689400   6.244321  0.000000   2.000000    6.000000   12.000000   35.000000    38.991547  0.666114  -0.380660
gate_measure               50000.0    6.951160   3.163406  2.000000   4.000000    7.000000   10.000000   12.000000    10.007135  0.015726  -1.220001
gate_rx                    50000.0    8.413120  10.650609  0.000000   1.000000    6.000000   11.000000   73.000000   113.435481  2.692921   8.533726
gate_ry                    50000.0   12.209840  16.350405  0.000000   3.000000    7.000000   13.000000   77.000000   267.335754  2.380820   5.201682
gate_rz                    50000.0   12.227680  16.364785  0.000000   3.000000    7.000000   13.000000   77.000000   267.806198  2.378537   5.184583
gate_s                     50000.0    6.849860   5.707652  0.000000   2.000000    6.000000   11.000000   36.000000    32.577290  0.757269  -0.099368
gate_sdg                   50000.0    0.956960   3.846188  0.000000   0.000000    0.000000    0.000000   33.000000    14.793163  4.394124  19.342828
gate_swap                  50000.0    7.552940   7.046437  0.000000   2.000000    6.000000   12.000000   45.000000    49.652270  1.111542   1.131755
gate_sx                    50000.0    6.828360   5.690268  0.000000   2.000000    6.000000   11.000000   33.000000    32.379147  0.752511  -0.122661
gate_t                     50000.0    5.884720   5.384820  0.000000   1.000000    5.000000   10.000000   30.000000    28.996290  0.767601  -0.287216
gate_x                     50000.0    6.827940   5.707660  0.000000   2.000000    6.000000   11.000000   35.000000    32.577387  0.772374  -0.046908
gate_y                     50000.0    6.845680   5.708239  0.000000   2.000000    6.000000   11.000000   32.000000    32.583997  0.759748  -0.096655
gate_z                     50000.0    6.825000   5.689237  0.000000   2.000000    6.000000   11.000000   37.000000    32.367422  0.768439  -0.033382

================================================================================
CLASS DISTRIBUTION
================================================================================
LOW: 24998
HIGH: 12688
MEDIUM: 12314

================================================================================
CORRELATION
================================================================================
                           number_of_qubits  number_of_classical_bits     depth     width  total_operations  single_qubit_gates  two_qubit_gates  three_qubit_gates  measurement_gates  parameterized_gates  entangling_gates  estimated_fidelity  total_variation_distance  hellinger_distance  success_probability_ideal  success_probability_noisy  reliability_score  gate_ccx   gate_cp   gate_cx   gate_cz    gate_h  gate_measure   gate_rx   gate_ry   gate_rz    gate_s  gate_sdg  gate_swap   gate_sx    gate_t    gate_x    gate_y    gate_z
number_of_qubits                   1.000000                  1.000000 -0.121143  1.000000          0.537704            0.398889         0.495032           0.421642           1.000000             0.301050          0.508115           -0.863733                  0.888960            0.912004                  -0.730986                  -0.720989          -0.863733  0.421642  0.363826  0.270227  0.359765  0.312424      1.000000  0.187879  0.177894  0.179970  0.287094  0.066034   0.370967  0.286365  0.256428  0.288430  0.291359  0.281179
number_of_classical_bits           1.000000                  1.000000 -0.121143  1.000000          0.537704            0.398889         0.495032           0.421642           1.000000             0.301050          0.508115           -0.863733                  0.888960            0.912004                  -0.730986                  -0.720989          -0.863733  0.421642  0.363826  0.270227  0.359765  0.312424      1.000000  0.187879  0.177894  0.179970  0.287094  0.066034   0.370967  0.286365  0.256428  0.288430  0.291359  0.281179
depth                             -0.121143                 -0.121143  1.000000 -0.121143          0.574433            0.545240         0.512049           0.077509          -0.121143             0.556256          0.472637           -0.019988                  0.095737            0.018706                  -0.072964                  -0.095195          -0.019988  0.077509  0.124997  0.729752  0.119291  0.145826     -0.121143  0.041531  0.626600  0.625048  0.145520  0.005613   0.127918  0.146470  0.151264  0.145825  0.142598  0.148012
width                              1.000000                  1.000000 -0.121143  1.000000          0.537704            0.398889         0.495032           0.421642           1.000000             0.301050          0.508115           -0.863733                  0.888960            0.912004                  -0.730986                  -0.720989          -0.863733  0.421642  0.363826  0.270227  0.359765  0.312424      1.000000  0.187879  0.177894  0.179970  0.287094  0.066034   0.370967  0.286365  0.256428  0.288430  0.291359  0.281179
total_operations                   0.537704                  0.537704  0.574433  0.537704          1.000000            0.922318         0.787732           0.529781           0.537704             0.653820          0.787709           -0.596466                  0.688863            0.628298                  -0.592053                  -0.597369          -0.596466  0.529781  0.484587  0.518127  0.564443  0.603321      0.537704  0.441228  0.486760  0.487395  0.613541  0.144611   0.573951  0.612446  0.546762  0.613209  0.613398  0.609961
single_qubit_gates                 0.398889                  0.398889  0.545240  0.398889          0.922318            1.000000         0.495646           0.300291           0.398889             0.723390          0.490752           -0.430421                  0.506687            0.457190                  -0.482435                  -0.483098          -0.430421  0.300291  0.265347  0.389751  0.327722  0.539391      0.398889  0.617024  0.593630  0.593980  0.579778  0.138445   0.323184  0.579462  0.516075  0.579572  0.579834  0.576327
two_qubit_gates                    0.495032                  0.495032  0.512049  0.495032          0.787732            0.495646         1.000000           0.627869           0.495032             0.333626          0.993377           -0.595013                  0.682022            0.619824                  -0.519311                  -0.530124          -0.595013  0.627869  0.649437  0.599594  0.737765  0.498830      0.495032 -0.022374  0.185023  0.185574  0.452221  0.154087   0.770041  0.450232  0.368021  0.451956  0.451645  0.450415
three_qubit_gates                  0.421642                  0.421642  0.077509  0.421642          0.529781            0.300291         0.627869           1.000000           0.421642             0.146058          0.713142           -0.498686                  0.578333            0.523705                  -0.404626                  -0.423575          -0.498686  1.000000  0.576110  0.096085  0.622926  0.374852      0.421642  0.181581 -0.086239 -0.084831  0.390310 -0.216625   0.620895  0.388963  0.567495  0.387948  0.387846  0.386747
measurement_gates                  1.000000                  1.000000 -0.121143  1.000000          0.537704            0.398889         0.495032           0.421642           1.000000             0.301050          0.508115           -0.863733                  0.888960            0.912004                  -0.730986                  -0.720989          -0.863733  0.421642  0.363826  0.270227  0.359765  0.312424      1.000000  0.187879  0.177894  0.179970  0.287094  0.066034   0.370967  0.286365  0.256428  0.288430  0.291359  0.281179
parameterized_gates                0.301050                  0.301050  0.556256  0.301050          0.653820            0.723390         0.333626           0.146058           0.301050             1.000000          0.322054           -0.307279                  0.360624            0.324771                  -0.316639                  -0.317460          -0.307279  0.146058  0.313482  0.456924 -0.102233  0.004963      0.301050  0.677902  0.896571  0.897286 -0.028915 -0.267999  -0.084550 -0.029274  0.160723 -0.028234 -0.029301 -0.033740
entangling_gates                   0.508115                  0.508115  0.472637  0.508115          0.787709            0.490752         0.993377           0.713142           0.508115             0.322054          1.000000           -0.609540                  0.699666            0.635580                  -0.527471                  -0.540006          -0.609540  0.713142  0.669989  0.554230  0.756456  0.504628      0.508115  0.006655  0.153915  0.154620  0.464930  0.106804   0.785227  0.462939  0.415250  0.464343  0.464047  0.462777
estimated_fidelity                -0.863733                 -0.863733 -0.019988 -0.863733         -0.596466           -0.430421        -0.595013          -0.498686          -0.863733            -0.307279         -0.609540            1.000000                 -0.977345           -0.984977                   0.545484                   0.524949           1.000000 -0.498686 -0.417989 -0.343676 -0.433537 -0.367869     -0.863733 -0.144872 -0.180426 -0.182018 -0.334523 -0.055266  -0.438087 -0.335072 -0.311249 -0.334826 -0.337213 -0.326782
total_variation_distance           0.888960                  0.888960  0.095737  0.888960          0.688863            0.506687         0.682022           0.578333           0.888960             0.360624          0.699666           -0.977345                  1.000000            0.987080                  -0.634843                  -0.628239          -0.977345  0.578333  0.474689  0.397489  0.497115  0.424768      0.888960  0.173122  0.216735  0.217962  0.389904  0.042133   0.502006  0.391994  0.380127  0.390510  0.392666  0.382683
hellinger_distance                 0.912004                  0.912004  0.018706  0.912004          0.628298            0.457190         0.619824           0.523705           0.912004             0.324771          0.635580           -0.984977                  0.987080            1.000000                  -0.610188                  -0.600822          -0.984977  0.523705  0.432028  0.358751  0.453609  0.385007      0.912004  0.158094  0.192415  0.194400  0.354051  0.061092   0.458469  0.353804  0.328438  0.354479  0.356816  0.346638
success_probability_ideal         -0.730986                 -0.730986 -0.072964 -0.730986         -0.592053           -0.482435        -0.519311          -0.404626          -0.730986            -0.316639         -0.527471            0.545484                 -0.634843           -0.610188                   1.000000                   0.989290           0.545484 -0.404626 -0.341172 -0.306750 -0.386107 -0.395861     -0.730986 -0.195118 -0.203970 -0.203724 -0.363021 -0.116755  -0.399934 -0.376225 -0.301966 -0.362905 -0.367365 -0.360579
success_probability_noisy         -0.720989                 -0.720989 -0.095195 -0.720989         -0.597369           -0.483098        -0.530124          -0.423575          -0.720989            -0.317460         -0.540006            0.524949                 -0.628239           -0.600822                   0.989290                   1.000000           0.524949 -0.423575 -0.347559 -0.313560 -0.395458 -0.394856     -0.720989 -0.191979 -0.203678 -0.203509 -0.365829 -0.106197  -0.407272 -0.377387 -0.312363 -0.365418 -0.369558 -0.363342
reliability_score                 -0.863733                 -0.863733 -0.019988 -0.863733         -0.596466           -0.430421        -0.595013          -0.498686          -0.863733            -0.307279         -0.609540            1.000000                 -0.977345           -0.984977                   0.545484                   0.524949           1.000000 -0.498686 -0.417989 -0.343676 -0.433537 -0.367869     -0.863733 -0.144872 -0.180426 -0.182018 -0.334523 -0.055266  -0.438087 -0.335072 -0.311249 -0.334826 -0.337213 -0.326782
gate_ccx                           0.421642                  0.421642  0.077509  0.421642          0.529781            0.300291         0.627869           1.000000           0.421642             0.146058          0.713142           -0.498686                  0.578333            0.523705                  -0.404626                  -0.423575          -0.498686  1.000000  0.576110  0.096085  0.622926  0.374852      0.421642  0.181581 -0.086239 -0.084831  0.390310 -0.216625   0.620895  0.388963  0.567495  0.387948  0.387846  0.386747
gate_cp                            0.363826                  0.363826  0.124997  0.363826          0.484587            0.265347         0.649437           0.576110           0.363826             0.313482          0.669989           -0.417989                  0.474689            0.432028                  -0.341172                  -0.347559          -0.417989  0.576110  1.000000 -0.034511  0.399677  0.462020      0.363826  0.243474 -0.051984 -0.050802  0.271241 -0.222927   0.490075  0.269652  0.446045  0.272021  0.271399  0.267938
gate_cx                            0.270227                  0.270227  0.729752  0.270227          0.518127            0.389751         0.599594           0.096085           0.270227             0.456924          0.554230           -0.343676                  0.397489            0.358751                  -0.306750                  -0.313560          -0.343676  0.096085 -0.034511  1.000000  0.152186 -0.014366      0.270227 -0.211428  0.643326  0.642811  0.013610  0.105649   0.138776  0.013631 -0.062059  0.014599  0.014088  0.014161
gate_cz                            0.359765                  0.359765  0.119291  0.359765          0.564443            0.327722         0.737765           0.622926           0.359765            -0.102233          0.756456           -0.433537                  0.497115            0.453609                  -0.386107                  -0.395458          -0.433537  0.622926  0.399677  0.152186  1.000000  0.565437      0.359765 -0.026050 -0.260173 -0.260175  0.625601  0.375770   0.842209  0.624272  0.393216  0.625523  0.624165  0.625245
gate_h                             0.312424                  0.312424  0.145826  0.312424          0.603321            0.539391         0.498830           0.374852           0.312424             0.004963          0.504628           -0.367869                  0.424768            0.385007                  -0.395861                  -0.394856          -0.367869  0.374852  0.462020 -0.014366  0.565437  1.000000      0.312424  0.130960 -0.201903 -0.201622  0.744807  0.303866   0.602214  0.744671  0.572459  0.744659  0.746732  0.744685
gate_measure                       1.000000                  1.000000 -0.121143  1.000000          0.537704            0.398889         0.495032           0.421642           1.000000             0.301050          0.508115           -0.863733                  0.888960            0.912004                  -0.730986                  -0.720989          -0.863733  0.421642  0.363826  0.270227  0.359765  0.312424      1.000000  0.187879  0.177894  0.179970  0.287094  0.066034   0.370967  0.286365  0.256428  0.288430  0.291359  0.281179
gate_rx                            0.187879                  0.187879  0.041531  0.187879          0.441228            0.617024        -0.022374           0.181581           0.187879             0.677902          0.006655           -0.144872                  0.173122            0.158094                  -0.195118                  -0.191979          -0.144872  0.181581  0.243474 -0.211428 -0.026050  0.130960      0.187879  1.000000  0.420328  0.421690  0.149942 -0.196542  -0.029298  0.150775  0.299333  0.150067  0.149644  0.144763
gate_ry                            0.177894                  0.177894  0.626600  0.177894          0.486760            0.593630         0.185023          -0.086239           0.177894             0.896571          0.153915           -0.180426                  0.216735            0.192415                  -0.203970                  -0.203678          -0.180426 -0.086239 -0.051984  0.643326 -0.260173 -0.201903      0.177894  0.420328  1.000000  0.968600 -0.181707 -0.185803  -0.270301 -0.181328 -0.059129 -0.181158 -0.181523 -0.184550
gate_rz                            0.179970                  0.179970  0.625048  0.179970          0.487395            0.593980         0.185574          -0.084831           0.179970             0.897286          0.154620           -0.182018                  0.217962            0.194400                  -0.203724                  -0.203509          -0.182018 -0.084831 -0.050802  0.642811 -0.260175 -0.201622      0.179970  0.421690  0.968600  1.000000 -0.181043 -0.185911  -0.269100 -0.181712 -0.059512 -0.180556 -0.182096 -0.184334
gate_s                             0.287094                  0.287094  0.145520  0.287094          0.613541            0.579778         0.452221           0.390310           0.287094            -0.028915          0.464930           -0.334523                  0.389904            0.354051                  -0.363021                  -0.365829          -0.334523  0.390310  0.271241  0.013610  0.625601  0.744807      0.287094  0.149942 -0.181707 -0.181043  1.000000  0.373539   0.623746  0.789947  0.569063  0.789656  0.789409  0.787987
gate_sdg                           0.066034                  0.066034  0.005613  0.066034          0.144611            0.138445         0.154087          -0.216625           0.066034            -0.267999          0.106804           -0.055266                  0.042133            0.061092                  -0.116755                  -0.106197          -0.055266 -0.216625 -0.222927  0.105649  0.375770  0.303866      0.066034 -0.196542 -0.185803 -0.185911  0.373539  1.000000   0.366612  0.375105 -0.271911  0.374098  0.377825  0.376963
gate_swap                          0.370967                  0.370967  0.127918  0.370967          0.573951            0.323184         0.770041           0.620895           0.370967            -0.084550          0.785227           -0.438087                  0.502006            0.458469                  -0.399934                  -0.407272          -0.438087  0.620895  0.490075  0.138776  0.842209  0.602214      0.370967 -0.029298 -0.270301 -0.269100  0.623746  0.366612   1.000000  0.620073  0.399233  0.619487  0.621734  0.621561
gate_sx                            0.286365                  0.286365  0.146470  0.286365          0.612446            0.579462         0.450232           0.388963           0.286365            -0.029274          0.462939           -0.335072                  0.391994            0.353804                  -0.376225                  -0.377387          -0.335072  0.388963  0.269652  0.013631  0.624272  0.744671      0.286365  0.150775 -0.181328 -0.181712  0.789947  0.375105   0.620073  1.000000  0.568645  0.786046  0.789562  0.788122
gate_t                             0.256428                  0.256428  0.151264  0.256428          0.546762            0.516075         0.368021           0.567495           0.256428             0.160723          0.415250           -0.311249                  0.380127            0.328438                  -0.301966                  -0.312363          -0.311249  0.567495  0.446045 -0.062059  0.393216  0.572459      0.256428  0.299333 -0.059129 -0.059512  0.569063 -0.271911   0.399233  0.568645  1.000000  0.570092  0.568862  0.568649
gate_x                             0.288430                  0.288430  0.145825  0.288430          0.613209            0.579572         0.451956           0.387948           0.288430            -0.028234          0.464343           -0.334826                  0.390510            0.354479                  -0.362905                  -0.365418          -0.334826  0.387948  0.272021  0.014599  0.625523  0.744659      0.288430  0.150067 -0.181158 -0.180556  0.789656  0.374098   0.619487  0.786046  0.570092  1.000000  0.787281  0.787838
gate_y                             0.291359                  0.291359  0.142598  0.291359          0.613398            0.579834         0.451645           0.387846           0.291359            -0.029301          0.464047           -0.337213                  0.392666            0.356816                  -0.367365                  -0.369558          -0.337213  0.387846  0.271399  0.014088  0.624165  0.746732      0.291359  0.149644 -0.181523 -0.182096  0.789409  0.377825   0.621734  0.789562  0.568862  0.787281  1.000000  0.789452
gate_z                             0.281179                  0.281179  0.148012  0.281179          0.609961            0.576327         0.450415           0.386747           0.281179            -0.033740          0.462777           -0.326782                  0.382683            0.346638                  -0.360579                  -0.363342          -0.326782  0.386747  0.267938  0.014161  0.625245  0.744685      0.281179  0.144763 -0.184550 -0.184334  0.787987  0.376963   0.621561  0.788122  0.568649  0.787838  0.789452  1.000000

================================================================================
OUTLIERS
================================================================================
number_of_qubits: 0
number_of_classical_bits: 0
depth: 2024
width: 0
total_operations: 0
single_qubit_gates: 0
two_qubit_gates: 531
three_qubit_gates: 1114
measurement_gates: 0
parameterized_gates: 3824
entangling_gates: 733
estimated_fidelity: 488
total_variation_distance: 0
hellinger_distance: 0
success_probability_ideal: 2741
success_probability_noisy: 4480
reliability_score: 488
gate_ccx: 1114
gate_cp: 2180
gate_cx: 2753
gate_cz: 1006
gate_h: 65
gate_measure: 0
gate_rx: 2565
gate_ry: 5325
gate_rz: 5313
gate_s: 172
gate_sdg: 3798
gate_swap: 809
gate_sx: 159
gate_t: 46
gate_x: 191
gate_y: 169
gate_z: 166

================================================================================
ML READINESS
================================================================================
READY FOR MACHINE LEARNING
